lat;lon;signal
5.4379067;-4.0149767;-83.0
5.4380435;-4.0148271;-66.3
5.4380819;-4.0147467;-60.7
5.4381198;-4.0147188;-66.0
5.4381243;-4.0147201;-61.7
5.4381408;-4.0146886;-66.3
5.4381589;-4.01463;-63.3
5.438186;-4.0145542;-59.3
5.4381813;-4.0145219;-65.0
5.4381898;-4.0144894;-59.0
5.4381967;-4.0144532;-63.7
5.4381913;-4.0144173;-59.3
5.4381929;-4.0143773;-58.7
5.4381794;-4.0143538;-61.0
5.4381673;-4.014334;-61.0
5.438172;-4.0143101;-60.3
5.4381927;-4.0142782;-59.7
5.4382083;-4.0142516;-60.0
5.4382215;-4.0142143;-60.7
5.4382315;-4.0141734;-62.0
5.4382425;-4.0141301;-63.0
5.4382365;-4.0140965;-65.3
5.4382389;-4.0140661;-66.0
5.4382533;-4.0140353;-69.3
5.4382594;-4.0140105;-68.3
5.4382482;-4.0140132;-69.3
5.4382464;-4.0140143;-71.0
5.4382451;-4.0140142;-71.0
5.438245;-4.014015;-71.0
5.4381987;-4.0140086;-68.0
5.4381613;-4.0140036;-76.0
5.4381566;-4.0140067;-76.0
5.4381448;-4.0140067;-76.0
5.438114;-4.0140073;-74.7
5.4380936;-4.0140024;-70.3
5.4380647;-4.0139853;-68.0
5.4380684;-4.0139729;-62.3
5.4378154;-4.0141635;-79.7
5.4377224;-4.0143105;-81.0
5.4376873;-4.0146763;-94.7
5.4376869;-4.0147122;-97.7
5.4376674;-4.0147404;-97.3
5.4376562;-4.014766;-95.3
5.4376427;-4.0147996;-97.0
5.4376304;-4.014817;-97.0
5.4376317;-4.0148463;-96.7
5.4376352;-4.0148524;-96.7
5.4376193;-4.0148551;-96.7
5.4376456;-4.0148717;-94.0
5.4376658;-4.0148942;-95.3
5.4376658;-4.0148977;-95.3
5.437684;-4.0149075;-99.3
5.4377278;-4.0149297;-94.7
5.4377635;-4.0149431;-93.0
5.4378424;-4.0150257;-86.7
5.4378418;-4.0150747;-87.3
5.4378311;-4.0151133;-89.3
5.4378266;-4.0151379;-89.0
5.4378324;-4.0151673;-90.0
5.4378401;-4.015209;-86.7
5.4378529;-4.0152515;-87.7
5.4378566;-4.0152916;-90.0
5.4376318;-4.0152924;-93.3
5.4376341;-4.0152593;-95.0
5.4376327;-4.0152463;-97.3
5.4376416;-4.0152493;-97.0
5.4376456;-4.0152506;-95.0
5.4376454;-4.0152527;-95.0
5.4376457;-4.0152523;-95.0
5.4376852;-4.015236;-95.3
5.4377184;-4.0152331;-93.3
5.437743;-4.0152393;-92.0
5.4377649;-4.0152456;-90.7
5.4377886;-4.0152483;-88.0
5.4378222;-4.0152473;-88.0
5.4378349;-4.0152462;-87.0
5.4378407;-4.0152528;-87.3
5.4378517;-4.0152408;-87.7
5.4378647;-4.0151977;-86.0
5.4378541;-4.0151828;-87.7
5.4376565;-4.0149926;-97.0
5.4376476;-4.0149516;-95.3
5.4376715;-4.0149155;-97.7
5.4376903;-4.0149048;-96.7
5.4376939;-4.0148924;-99.3
5.4376966;-4.0148851;-99.0
5.4376852;-4.0148733;-98.7
5.437662;-4.0148343;-98.3
5.4376694;-4.014735;-96.0
5.4376691;-4.0147351;-96.0
5.4376672;-4.0147403;-97.3
5.4378673;-4.014201;-77.7
5.4379532;-4.0141467;-76.0
5.4379919;-4.0141462;-70.3
5.4380268;-4.014157;-75.7
5.4380543;-4.0141661;-77.3
5.4380952;-4.0141692;-65.7
5.4381386;-4.0141715;-65.3
5.4381681;-4.0141536;-64.0
5.4381779;-4.0141081;-62.7
5.4381858;-4.014073;-64.0
5.4381877;-4.0140388;-68.0
5.4381986;-4.0140098;-68.0
5.438217;-4.0139869;-68.0
5.4382477;-4.0139747;-67.7
5.43828;-4.0139911;-68.7
5.4382929;-4.0140277;-72.7
5.4382888;-4.0140623;-76.3
5.43829;-4.0141004;-77.3
5.4382902;-4.0141341;-76.7
5.4382922;-4.0141649;-71.7
5.4382837;-4.0142385;-72.0
5.4382797;-4.0142714;-76.3
5.4382832;-4.0143062;-75.7
5.4382832;-4.0143434;-75.7
5.4382806;-4.0143769;-76.0
5.4382781;-4.0144119;-76.0
5.4382762;-4.0144459;-75.0
5.4382695;-4.0144775;-73.3
5.4382604;-4.014514;-73.3
5.4382561;-4.0145525;-72.0
5.4382438;-4.014577;-73.3
5.4382609;-4.0146206;-73.7
5.4382591;-4.0146644;-76.0
5.4382602;-4.0147022;-74.7
5.4382675;-4.0147407;-74.7
5.4382668;-4.0147752;-74.7
5.4382595;-4.0148134;-76.3
5.4382575;-4.0148479;-76.3
5.4382586;-4.0148824;-76.7
5.438246;-4.014907;-71.0
5.4382086;-4.0148995;-64.7
5.4381751;-4.0148954;-64.7
5.4381453;-4.0148857;-65.0
5.4381192;-4.014883;-57.0
5.4381204;-4.0148771;-57.0
5.4381251;-4.0148827;-57.0
5.4381259;-4.0148977;-56.0
5.4381267;-4.0148967;-56.0
5.4381329;-4.0148707;-56.0
5.4381418;-4.0148642;-59.0
5.4381394;-4.0148296;-67.7
5.4381425;-4.0147877;-64.3
5.438112;-4.0147716;-63.7
5.4380909;-4.0147608;-56.0
5.4380858;-4.0147572;-60.7
5.4380884;-4.0147746;-56.0
5.4380746;-4.014792;-69.0
5.4380733;-4.0147933;-75.0
5.4380733;-4.0147933;-75.0
5.4380733;-4.0147933;-75.0
5.4381155;-4.0148335;-67.3
5.4381191;-4.0148375;-73.0
5.4380929;-4.0148449;-71.7
5.4380758;-4.0148734;-68.0
5.4380442;-4.0149151;-70.7
5.4380323;-4.0149395;-69.7
5.4380352;-4.0149788;-72.7
5.4380261;-4.0150108;-77.3
5.4380331;-4.0150293;-76.0
5.4380406;-4.0150551;-75.7
5.4380479;-4.0150768;-75.3
5.438045;-4.0150956;-75.0
5.4380337;-4.0151298;-71.3
5.4380031;-4.0151372;-76.7
5.4379701;-4.0151379;-79.7
5.4379498;-4.0151644;-78.0
5.43792;-4.0151677;-83.7
5.4378911;-4.01516;-84.0
5.4378655;-4.0151717;-88.7
5.4378917;-4.0151628;-84.0
5.4379229;-4.0151579;-80.0
5.4379282;-4.0151801;-77.3
5.4379089;-4.015207;-84.7
5.4379064;-4.0152236;-83.3
5.4379265;-4.0152301;-78.3
5.4379458;-4.015247;-75.0
5.4379485;-4.0152172;-75.7
5.4379404;-4.0151841;-77.3
5.4379153;-4.0151828;-81.3
5.4378934;-4.0151894;-85.0
5.4378934;-4.0152178;-84.3
5.4379019;-4.0152317;-84.3
5.43792;-4.0152415;-81.0
5.4379349;-4.0152367;-78.7
5.437935;-4.0152367;-78.7
5.437935;-4.0152367;-78.7
5.4379335;-4.0151864;-74.7
5.4379306;-4.0151479;-77.7
5.437926;-4.0151056;-82.3
5.4379151;-4.0150799;-87.0
5.4378951;-4.0150631;-83.3
5.4379297;-4.0151276;-81.3
5.4379512;-4.0151494;-78.7
5.4378905;-4.0151514;-84.3
5.4378485;-4.0151701;-88.0
5.4378474;-4.0152205;-85.3
5.4378598;-4.0151633;-88.7
5.4378855;-4.0151312;-86.3
5.4379217;-4.0151303;-83.0
5.4379639;-4.0151352;-79.7
5.4380124;-4.0151354;-76.7
5.4380572;-4.0151307;-70.3
5.4380581;-4.0151597;-73.3
5.4380531;-4.0151987;-70.3
5.4380443;-4.0152502;-73.3
5.4380586;-4.0153058;-75.0
5.4380775;-4.0153335;-71.3
5.4380976;-4.0153603;-72.3
5.4381182;-4.0153906;-70.7
5.4381356;-4.0153941;-74.7
5.4381197;-4.015386;-70.7
5.4381184;-4.015427;-74.3
5.4381256;-4.0154625;-76.7
5.438138;-4.0154887;-77.0
5.4381367;-4.0154873;-77.0
5.4381267;-4.0154982;-69.7
5.43813;-4.0155017;-69.7
5.43813;-4.0155017;-69.7
5.43813;-4.0155017;-69.7
5.43813;-4.0155017;-69.7
5.4381548;-4.0154988;-76.3
5.4381335;-4.0155021;-69.7
5.4381165;-4.0155224;-72.0
5.4381285;-4.0155488;-67.0
5.4381616;-4.0155506;-70.7
5.4381901;-4.0155596;-78.3
5.4381922;-4.0155673;-79.7
5.4381524;-4.0155593;-74.0
5.4381113;-4.0155676;-74.0
5.4380725;-4.0155862;-74.7
5.4380427;-4.015611;-73.3
5.4380069;-4.0156213;-77.0
5.4379752;-4.0156243;-74.7
5.4379745;-4.0156539;-75.0
5.4379756;-4.0156861;-74.7
5.437972;-4.0156996;-68.0
5.4379717;-4.0157;-68.0
5.4379717;-4.0157;-68.0
5.4379915;-4.0157082;-73.7
5.4380068;-4.0157201;-75.7
5.4380214;-4.0157271;-81.0
5.4380413;-4.0157235;-80.0
5.4380634;-4.0157314;-80.0
5.438083;-4.0157443;-81.0
5.4381113;-4.0157542;-82.0
5.438137;-4.0157614;-78.7
5.4381645;-4.0157871;-75.3
5.4381908;-4.0158118;-72.7
5.438201;-4.0158191;-72.7
5.4382;-4.0158217;-72.7
5.4381745;-4.0158086;-76.3
5.4381326;-4.0157852;-81.7
5.4380984;-4.0157697;-87.0
5.4379908;-4.0157212;-76.3
5.4379563;-4.015704;-75.3
5.4379353;-4.0158094;-76.0
5.437932;-4.0158225;-76.0
5.4379322;-4.0158286;-76.0
5.4379114;-4.015815;-76.7
5.4378365;-4.0153176;-91.7
5.4378378;-4.0152738;-89.7
5.4378502;-4.0152297;-87.3
5.4378483;-4.0151855;-87.7
5.4378485;-4.0151424;-89.3
5.4378428;-4.015113;-89.3
5.4378483;-4.0150777;-87.3
5.4378503;-4.0150549;-88.3
5.4378474;-4.0149821;-87.7
5.437856;-4.0149354;-94.3
5.4378425;-4.0149253;-97.7
5.4377964;-4.0149254;-98.0
5.4377494;-4.0149195;-93.0
5.4377117;-4.0149146;-97.7
5.4377038;-4.0149157;-97.0
5.4377074;-4.0148877;-99.0
5.4377065;-4.0148384;-94.7
5.4377155;-4.0148087;-96.3
5.437704;-4.014775;-97.0
5.437703;-4.0147641;-99.3
5.4376838;-4.0147388;-91.7
5.4380732;-4.0139525;-63.7
5.4380607;-4.0139117;-68.0
5.4380561;-4.0138743;-75.3
5.4380363;-4.0138793;-75.0
5.4380122;-4.0138658;-75.0
5.4379792;-4.0138618;-71.7
5.4379393;-4.0138679;-66.3
5.4379079;-4.0138649;-66.7
5.4378744;-4.0138605;-68.0
5.43784;-4.0138626;-68.0
5.4378242;-4.0138862;-68.3
5.4377871;-4.0138833;-77.3
5.4377662;-4.0138774;-69.3
5.4377335;-4.0138926;-74.3
5.4377012;-4.0138964;-83.7
5.4376917;-4.0139129;-85.0
5.4376991;-4.013949;-86.0
5.4377102;-4.0139904;-83.7
5.4377077;-4.0140403;-84.3
5.4377033;-4.0140694;-83.7
5.437705;-4.0140946;-79.7
5.4377001;-4.0141283;-68.7
5.4377124;-4.0141655;-75.7
5.4377468;-4.0141572;-74.7
5.4377655;-4.0141532;-73.0
5.437781;-4.0141624;-77.7
5.4377911;-4.0141681;-75.0
5.4378587;-4.0141689;-76.0
5.4378731;-4.0141451;-74.7
5.4378744;-4.0141143;-80.3
5.437878;-4.0140811;-66.0
5.4378702;-4.0140457;-66.0
5.4378688;-4.0140107;-63.3
5.4378593;-4.0139787;-70.7
5.4378548;-4.0139475;-76.0
5.4378671;-4.0139245;-62.7
5.4378677;-4.0139033;-61.7
5.4378894;-4.0138816;-66.3
5.4379159;-4.0141805;-75.0
5.4379143;-4.0141917;-74.0
5.4378911;-4.0142105;-77.0
5.4378738;-4.0142299;-81.7
5.4378539;-4.0142442;-80.0
5.4378431;-4.0142833;-87.3
5.4378436;-4.0143201;-90.7
5.437839;-4.0143456;-90.3
5.4378292;-4.0143581;-90.3
5.4378278;-4.0143804;-91.3
5.4378328;-4.0144405;-93.7
5.4378238;-4.0144737;-93.0
5.4378237;-4.0145184;-92.3
5.4378279;-4.0145556;-96.7
5.4378255;-4.0145997;-101.7
5.4378148;-4.0146279;-98.7
5.437829;-4.0146671;-99.3
5.4378454;-4.0147099;-99.0
5.4378372;-4.0147261;-99.0
5.4378426;-4.0147304;-99.0
5.4378093;-4.0147328;-98.0
5.437752;-4.0146783;-98.3
5.4377105;-4.0146326;-96.0
5.4376791;-4.0141719;-70.0
5.4376828;-4.0141505;-71.0
5.4376832;-4.0141195;-82.0
5.4376743;-4.0140861;-84.0
5.437681;-4.0140439;-80.3
5.4376952;-4.0140099;-81.0
5.4377174;-4.0139696;-80.3
5.4377188;-4.0139042;-80.3
5.4377167;-4.0138759;-74.7
5.4377167;-4.0138458;-70.0
5.4377212;-4.0138068;-70.7
5.4377077;-4.0137604;-70.3
5.4377154;-4.013706;-66.7
5.4377218;-4.0136601;-64.0
5.43771;-4.0136329;-66.3
5.4377061;-4.0136282;-66.3
5.4377158;-4.013627;-66.0
5.4377205;-4.0136233;-66.0
5.4377165;-4.0136551;-62.3
5.4377127;-4.013683;-67.0
5.4377335;-4.0137086;-67.0
5.4377572;-4.0137377;-66.0
5.4377751;-4.0137841;-74.0
5.4377637;-4.0138208;-72.7
5.4377681;-4.0138529;-67.3
5.4377666;-4.0138918;-75.0
5.4377627;-4.0139303;-84.7
5.4377611;-4.0139768;-83.0
5.4377548;-4.0140045;-79.7
5.4377522;-4.0140189;-81.3
5.4377329;-4.0140437;-82.0
5.4377296;-4.0141056;-72.3
5.4377399;-4.0141629;-74.7
5.4377377;-4.0142012;-77.3
5.437725;-4.0142301;-77.0
5.437718;-4.0142678;-81.7
5.437721;-4.0143517;-83.0
5.4377027;-4.0143845;-85.7
5.437678;-4.0146675;-94.7
5.4376585;-4.0148208;-99.3
5.4376546;-4.0148079;-99.0
5.4376463;-4.0147649;-95.3
5.4376678;-4.01474;-97.3
5.4377108;-4.0147433;-98.0
5.4377539;-4.014715;-99.0
5.437796;-4.0146698;-98.3
5.4378279;-4.0146332;-100.0
5.4378365;-4.0146065;-98.7
5.4378403;-4.0145912;-101.0
5.4378397;-4.0145651;-91.3
5.437853;-4.0145454;-94.3
5.4378681;-4.0145315;-97.7
5.4378692;-4.0145032;-99.0
5.4378583;-4.0144726;-97.3
5.4378575;-4.0144379;-97.3
5.4378552;-4.0143863;-93.3
5.4378531;-4.0143356;-92.0
5.437865;-4.0142987;-90.0
5.4378699;-4.0142494;-82.7
5.43789;-4.0141799;-76.0
5.437903;-4.0141605;-74.3
5.4379228;-4.0141528;-73.3
5.4376767;-4.0147087;-97.7
5.4376628;-4.0146695;-97.0
5.4376608;-4.0146258;-94.0
5.4376664;-4.0145734;-95.3
5.4376706;-4.0145272;-92.7
5.4376729;-4.0144802;-89.0
5.4376771;-4.0144544;-90.0
5.4376762;-4.0144592;-90.0
5.4376747;-4.0144478;-90.0
5.4376389;-4.0144372;-95.3
5.4374372;-4.0139301;-92.0
5.4374346;-4.0138884;-92.3
5.4374341;-4.0138813;-92.0
5.4374273;-4.0138874;-92.3
5.4374276;-4.0138753;-92.0
5.437423;-4.0138403;-88.0
5.4374267;-4.0138331;-88.0
5.4374267;-4.0138333;-88.0
5.4374249;-4.0138172;-88.7
5.4374247;-4.0137945;-89.0
5.4374225;-4.0137696;-88.0
5.4374127;-4.013729;-87.0
5.4374178;-4.0137019;-87.0
5.4374214;-4.0136834;-85.3
5.4374281;-4.0136684;-85.3
5.4374323;-4.0136442;-84.0
5.4374268;-4.013612;-84.0
5.4374205;-4.0135772;-82.3
5.437428;-4.0135498;-79.3
5.4374504;-4.0135271;-70.7
5.4375018;-4.0135048;-64.0
5.4375529;-4.0134958;-59.0
5.4375914;-4.0135021;-61.3
5.4376325;-4.0135033;-63.3
5.4376723;-4.0134985;-62.0
5.4377081;-4.0135044;-58.3
5.4377445;-4.0135096;-56.0
5.4377816;-4.0135117;-57.3
5.4378194;-4.0134992;-57.3
5.4378521;-4.0134976;-58.3
5.4378673;-4.0135081;-58.3
5.43788;-4.0135041;-58.3
5.437929;-4.0134951;-58.0
5.4379723;-4.0134975;-57.3
5.4380121;-4.0135039;-56.3
5.4380485;-4.0135027;-56.3
5.438089;-4.0135008;-57.3
5.4381376;-4.0135051;-58.3
5.4381837;-4.0135111;-59.3
5.4382186;-4.0135149;-61.3
5.4382557;-4.0135097;-61.3
5.4376744;-4.0152536;-94.0
5.4376763;-4.0152251;-94.7
5.4376879;-4.0152059;-94.7
5.43778;-4.0151968;-89.7
5.4378087;-4.0151903;-86.3
5.4378216;-4.0152098;-86.0
5.4378205;-4.0152595;-88.0
5.4378012;-4.0152929;-91.7
5.4377637;-4.0152793;-92.0
5.4377284;-4.015273;-93.3
5.4376919;-4.0152683;-94.0
5.4376552;-4.0152635;-94.0
5.4376419;-4.0152581;-95.3
5.4376202;-4.0152562;-94.3
5.4376076;-4.0152207;-93.0
5.4376246;-4.0152505;-95.7
5.43764;-4.0152467;-96.3
5.4376429;-4.0152444;-90.3
5.4376433;-4.0152449;-90.7
5.4376433;-4.015245;-92.0
5.4376433;-4.015245;-92.0
5.4376433;-4.015245;-92.0
5.4376433;-4.015245;-92.0
5.4376331;-4.0152453;-97.3
5.4376446;-4.0152192;-91.3
5.4376516;-4.0151986;-93.0
5.4380608;-4.0141161;-72.3
5.4380511;-4.014158;-77.3
5.4380252;-4.0141818;-75.7
5.4379982;-4.0141779;-75.0
5.4379622;-4.0141682;-76.0
5.4379441;-4.0141492;-76.0
5.4379233;-4.0141758;-75.0
5.4379495;-4.0141777;-76.3
5.4378114;-4.0146132;-96.3
5.4378148;-4.0146083;-95.7
5.4378022;-4.0146114;-95.7
5.4381243;-4.0140914;-70.3
5.4380944;-4.0141034;-68.3
5.4380633;-4.0140707;-72.0
5.4380736;-4.0140701;-72.0
5.4380749;-4.0140715;-72.0
5.438075;-4.0140717;-72.0
5.4379827;-4.0141847;-75.0
5.4378868;-4.0142556;-82.3
5.4376775;-4.0147414;-91.7
5.4376767;-4.0147417;-91.7
5.4376736;-4.0147631;-90.7
5.4376765;-4.0147923;-94.3
5.4377168;-4.0148017;-97.3
5.4377659;-4.0148199;-94.7
5.4377963;-4.0148328;-96.0
5.4377806;-4.0148677;-92.7
5.4377447;-4.0148595;-92.3
5.4377187;-4.0148533;-94.0
5.4376827;-4.0148436;-96.7
5.4376581;-4.0148581;-94.0
5.4376659;-4.0148748;-94.7
5.4377016;-4.0149071;-94.7
5.4377457;-4.014934;-93.7
5.4377932;-4.0149587;-93.0
5.4378092;-4.0149844;-89.0
5.4377908;-4.0150074;-87.7
5.437766;-4.0150379;-89.3
5.4377426;-4.0150632;-91.7
5.4377118;-4.0150651;-94.3
5.437688;-4.0150535;-95.3
5.4376743;-4.0150272;-94.0
5.4376694;-4.0149953;-97.0
5.4376808;-4.0149697;-96.3
5.4376837;-4.0149335;-95.3
5.4377041;-4.0149065;-94.7
5.4377467;-4.0149084;-93.0
5.4377764;-4.0149096;-94.7
5.4377987;-4.0148988;-92.0
5.4377722;-4.0149352;-95.3
5.4377577;-4.0149728;-91.7
5.4377425;-4.0150103;-89.0
5.4377399;-4.0150547;-92.7
5.4377368;-4.0150934;-96.0
5.4377371;-4.01513;-96.3
5.4377504;-4.0151586;-93.0
5.4377903;-4.0151631;-89.7
5.437814;-4.0151306;-89.0
5.4377869;-4.0151198;-93.7
5.4377538;-4.0151149;-95.3
5.4377215;-4.0151072;-94.3
5.4376685;-4.0150794;-97.0
5.4376826;-4.0150124;-95.0
5.4376778;-4.0149473;-94.3
5.4376804;-4.0148927;-96.3
5.4376771;-4.0148594;-97.3
5.4376741;-4.0148376;-97.0
5.4376737;-4.0147854;-91.3
5.4376931;-4.0147333;-94.7
5.4376785;-4.0147026;-97.7
5.4376546;-4.0146679;-97.0
5.4376363;-4.0146302;-94.0
5.4376014;-4.014611;-97.3
5.4375498;-4.0146189;-97.7
5.4375323;-4.0146329;-96.0
5.4375341;-4.0146343;-96.0
5.4375349;-4.0146335;-96.0
5.4375457;-4.0145828;-94.7
5.437556;-4.0145451;-95.7
5.4375587;-4.0145102;-96.3
5.4375594;-4.0144936;-96.3
5.4375832;-4.0145165;-94.3
5.4375956;-4.0145559;-95.0
5.437593;-4.014598;-94.3
5.4375918;-4.0146311;-97.0
5.4376358;-4.01461;-94.0
5.4377362;-4.0142835;-76.7
5.4377086;-4.0143253;-86.0
5.4376784;-4.0145677;-95.3
5.4377787;-4.0146795;-98.3
5.4377291;-4.0146615;-96.3
5.4376845;-4.0146456;-96.0
5.4376343;-4.0146521;-94.3
5.4375453;-4.0146232;-97.7
5.4375447;-4.014576;-94.7
5.4375895;-4.0145093;-94.3
5.4377362;-4.0142835;-76.7
5.4377086;-4.0143253;-86.0
5.4376784;-4.0145677;-95.3
5.4377787;-4.0146795;-98.3
5.4377291;-4.0146615;-96.3
5.4376845;-4.0146456;-96.0
5.4376343;-4.0146521;-94.3
5.4375453;-4.0146232;-97.7
5.4375447;-4.014576;-94.7
5.4375895;-4.0145093;-94.3
5.4380664;-4.0138922;-71.7
5.4380295;-4.013887;-75.0
5.4379986;-4.0138908;-67.0
5.4379684;-4.0138888;-66.0
5.4379367;-4.013886;-66.3
5.4379161;-4.0138837;-64.0
5.4378917;-4.0138863;-66.3
5.4378872;-4.0139103;-66.0
5.4379034;-4.0139346;-63.3
5.4379503;-4.0139529;-63.3
5.4379877;-4.0139537;-63.3
5.4379907;-4.0139726;-66.3
5.4379763;-4.0139907;-65.7
5.437969;-4.014001;-68.0
5.4379454;-4.0139786;-63.7
5.4379158;-4.0139637;-65.0
5.4379086;-4.0139789;-65.0
5.4379117;-4.014018;-64.3
5.4379381;-4.0140442;-69.0
5.437972;-4.0140504;-68.7
5.4380059;-4.014044;-67.0
5.4380364;-4.0140405;-64.7
5.4380659;-4.0140192;-63.3
5.4380725;-4.0139948;-68.0
5.4380721;-4.0139744;-62.3
5.4380657;-4.0139795;-69.0
5.4380605;-4.0139708;-61.3
5.4380813;-4.0139616;-63.7
5.4380933;-4.0139873;-69.0
5.4380908;-4.0140283;-69.0
5.4380812;-4.0140705;-72.0
5.4380701;-4.0140955;-74.7
5.4380688;-4.0141016;-74.7
5.4379634;-4.0141293;-75.7
5.4379956;-4.0141344;-67.7
5.4380249;-4.0141228;-71.0
5.4380265;-4.0140773;-68.7
5.437998;-4.0140747;-67.3
5.4379658;-4.0140855;-75.3
5.4379509;-4.0140984;-75.3
5.4379334;-4.014138;-75.3
5.4379919;-4.0141819;-75.0
5.4380432;-4.0141927;-76.7
5.4377944;-4.0146408;-94.3
5.4378089;-4.0146024;-95.7
5.4378228;-4.0145753;-99.7
5.4378377;-4.0145548;-91.0
5.4378441;-4.0145602;-91.3
5.437845;-4.01456;-91.3
5.4378496;-4.0145398;-94.0
5.4378242;-4.0145162;-92.3
5.4378189;-4.0145008;-88.3
5.4378081;-4.0144731;-89.7
5.4377909;-4.014441;-88.0
5.4377866;-4.01442;-88.3
5.437793;-4.0143752;-84.3
5.4377821;-4.0143454;-88.3
5.437781;-4.0143073;-82.3
5.4377772;-4.0142688;-80.3
5.4377626;-4.0142242;-82.7
5.4377805;-4.0141897;-75.0
5.4378228;-4.0141661;-79.7
5.4378594;-4.0141715;-76.0
5.4379116;-4.0141775;-75.0
5.4379356;-4.014157;-74.7
5.4379464;-4.014114;-75.0
5.4379658;-4.0140721;-76.3
5.4379816;-4.0140643;-67.3
5.4379818;-4.0140601;-66.7
5.437968;-4.0140584;-76.3
5.4379653;-4.0140583;-76.3
5.437965;-4.0140583;-76.3
5.4379726;-4.0140491;-69.3
5.4379732;-4.0140484;-69.3
5.4379733;-4.0140483;-69.3
5.4380067;-4.0140728;-68.7
5.4380585;-4.0140599;-69.3
5.43811;-4.0140589;-67.3
5.4380625;-4.0140941;-74.7
5.4380826;-4.0140501;-70.0
5.4380876;-4.0140212;-63.0
5.438083;-4.0140191;-63.3
5.4380833;-4.0140198;-63.3
5.4380833;-4.01402;-63.3
5.438056;-4.0141777;-78.7
5.4380237;-4.0141814;-75.7
5.437973;-4.0141928;-75.0
5.4379354;-4.0141889;-77.3
5.4378973;-4.0141786;-73.7
5.4378586;-4.0141883;-77.0
5.4378269;-4.0142083;-79.3
5.4377992;-4.014238;-77.3
5.4377802;-4.0142744;-80.3
5.4377748;-4.0143191;-83.0
5.4377747;-4.0143612;-84.3
5.4377672;-4.0144014;-89.0
5.4377439;-4.0144225;-88.0
5.4377088;-4.0144184;-86.7
5.437708;-4.0143865;-87.0
5.437722;-4.014349;-83.0
5.4377311;-4.0143165;-79.0
5.4377455;-4.0142722;-76.7
5.4377524;-4.0142398;-83.3
5.4377548;-4.0142088;-81.7
5.4377934;-4.0141977;-76.7
5.4378169;-4.0142019;-79.0
5.4378293;-4.014201;-80.7
5.4378255;-4.0141922;-81.7
5.4378189;-4.0141916;-81.7
5.4378184;-4.0141917;-81.7
5.4377846;-4.0141993;-74.0
5.4377294;-4.0141891;-79.3
5.4376839;-4.0141882;-75.7
5.4376867;-4.0142197;-77.0
5.4376905;-4.014279;-78.0
5.4377067;-4.0143163;-86.0
5.4377267;-4.0143177;-79.0
5.4377218;-4.0142781;-79.7
5.4377188;-4.014245;-77.7
5.4377191;-4.0141914;-79.3
5.4377192;-4.0141456;-70.7
5.437708;-4.014122;-68.7
5.437705;-4.0141199;-68.7
5.4377142;-4.0141366;-65.3
5.437729;-4.0141511;-74.7
5.4377542;-4.0141644;-74.7
5.4377933;-4.0141565;-79.7
5.4378366;-4.0141485;-78.3
5.4378696;-4.0141514;-74.7
5.4378751;-4.0141317;-80.0
5.4378578;-4.0141117;-79.0
5.4378138;-4.0141063;-68.3
5.4377666;-4.0141051;-68.7
5.4377255;-4.0140973;-75.7
5.4377146;-4.0140823;-83.7
5.4377377;-4.014068;-82.7
5.4377804;-4.014061;-77.3
5.4378246;-4.0140631;-65.0
5.4378502;-4.0140725;-65.7
5.4378738;-4.0140831;-66.0
5.4378792;-4.0140641;-66.3
5.4378608;-4.014043;-66.3
5.4378147;-4.0140529;-69.7
5.4377703;-4.0140581;-77.3
5.4377353;-4.0140555;-83.0
5.4377187;-4.0140332;-84.3
5.4377217;-4.0139949;-85.3
5.4377273;-4.0139747;-80.3
5.4377439;-4.0139857;-85.0
5.4377894;-4.0139972;-82.0
5.4378342;-4.0140061;-72.7
5.4378628;-4.014021;-63.3
5.4378594;-4.0140409;-66.3
5.4378205;-4.0140401;-69.7
5.4377924;-4.0140342;-85.7
5.4377644;-4.0140331;-81.7
5.4377448;-4.0140371;-81.0
5.4377348;-4.0140392;-82.0
5.4377334;-4.0140108;-83.3
5.4377255;-4.0139748;-80.3
5.4377242;-4.0139406;-87.3
5.4377383;-4.0139177;-85.0
5.437758;-4.0139263;-84.7
5.4378119;-4.0139484;-79.0
5.4378382;-4.0139614;-76.0
5.4378421;-4.013949;-76.0
5.4378372;-4.0139333;-79.0
5.4377971;-4.0139256;-78.7
5.4377693;-4.0139175;-81.7
5.4377776;-4.0139287;-83.3
5.4377832;-4.0139725;-84.3
5.4377864;-4.014001;-82.0
5.4377991;-4.0140276;-86.7
5.4378036;-4.0140519;-68.3
5.4378128;-4.0140783;-65.3
5.4378258;-4.0141021;-68.3
5.4378377;-4.0141347;-79.3
5.4378275;-4.014151;-79.0
5.4378006;-4.0141389;-76.0
5.4377769;-4.0141101;-67.7
5.4377817;-4.0140881;-70.3
5.4378106;-4.014088;-63.7
5.4378177;-4.0140912;-63.3
5.4378183;-4.0140916;-63.3
5.4378183;-4.0140917;-63.3
5.4378457;-4.0140612;-67.3
5.4378434;-4.0140569;-67.3
5.4378433;-4.0140567;-67.3
5.4377986;-4.0140599;-67.3
5.4377711;-4.0141038;-68.7
5.4377499;-4.0141251;-67.3
5.4377666;-4.0141677;-73.0
5.4377762;-4.0142064;-77.7
5.4377778;-4.0142474;-81.7
5.4377797;-4.0142846;-80.3
5.4377561;-4.0143275;-82.3
5.4377372;-4.01436;-84.7
5.4377295;-4.0143929;-83.7
5.4377362;-4.0144165;-84.3
5.4377552;-4.0144457;-89.7
5.4377587;-4.0144665;-88.0
5.4377784;-4.0144656;-88.0
5.4377953;-4.0144482;-88.3
5.4377977;-4.014421;-88.3
5.437782;-4.014386;-86.0
5.43778;-4.0143644;-83.7
5.4378053;-4.0143569;-85.0
5.4378181;-4.0143338;-85.0
5.4378369;-4.0142811;-87.3
5.4378404;-4.0142471;-79.7
5.4378399;-4.0142177;-80.0
5.4378466;-4.0141865;-77.7
5.4378767;-4.0141843;-76.7
5.4378973;-4.0142173;-78.0
5.4378708;-4.0142915;-90.0
5.4378556;-4.0143285;-90.7
5.4378433;-4.014359;-90.3
5.4378286;-4.0143902;-93.3
5.4378232;-4.0144324;-89.3
5.4378294;-4.0144727;-93.0
5.4378207;-4.0144868;-90.7
5.4378058;-4.0144766;-87.0
5.4377684;-4.0144627;-88.0
5.4377375;-4.0144601;-90.3
5.4376993;-4.0144562;-90.3
5.4376838;-4.0144766;-90.0
5.4376945;-4.0145214;-92.0
5.4377117;-4.014522;-91.0
5.4377367;-4.0145034;-90.7
5.4377643;-4.0144968;-91.0
5.4377897;-4.0144916;-88.3
5.4378149;-4.014491;-88.3
5.4378336;-4.0145177;-92.3
5.4378388;-4.014533;-90.7
5.4378385;-4.0145333;-90.7
5.4378383;-4.0145333;-90.7
5.4378323;-4.0145502;-96.7
5.437831;-4.0146109;-101.7
5.4378422;-4.0146165;-98.7
5.4378073;-4.0148577;-95.7
5.4377892;-4.0148855;-91.0
5.4378033;-4.0148722;-94.7
5.4376186;-4.0146355;-94.3
5.4376429;-4.0145714;-92.7
5.4376507;-4.0145436;-93.7
5.4376657;-4.0145167;-92.3
5.4376811;-4.0144855;-87.3
5.4376776;-4.0144838;-87.3
5.4376812;-4.014475;-90.3
5.4376772;-4.0144194;-88.3
5.4376721;-4.0143724;-78.3
5.4376688;-4.0143474;-78.0
5.4376745;-4.014309;-81.0
5.4376752;-4.0142552;-79.3
5.4376889;-4.0142091;-77.0
5.4376843;-4.0141562;-71.0
5.4376771;-4.0141183;-82.0
5.4376649;-4.014085;-84.0
5.4376685;-4.0140578;-81.3
5.4376528;-4.0140032;-81.7
5.4376591;-4.0139621;-78.3
5.4376642;-4.0139232;-79.7
5.4376624;-4.013879;-64.7
5.4376624;-4.0138401;-66.3
5.4376615;-4.0138111;-72.0
5.4376644;-4.0137783;-77.3
5.4376628;-4.0137403;-71.0
5.4376605;-4.0137033;-64.0
5.4376681;-4.013676;-62.3
5.4376848;-4.0136556;-61.0
5.4377032;-4.0136491;-59.3
5.4377019;-4.0136468;-59.3
5.4377017;-4.0136467;-59.3
5.4376819;-4.0136069;-63.7
5.437634;-4.0136091;-83.0
5.4375936;-4.0136106;-83.7
5.4375519;-4.0136317;-83.7
5.4375368;-4.0136301;-84.0
5.4375372;-4.0136071;-83.7
5.4375574;-4.0135996;-82.3
5.4375565;-4.0136012;-82.7
5.4375552;-4.0136016;-82.7
5.437555;-4.0136017;-82.7
5.4375642;-4.0136062;-82.7
5.4376043;-4.0136139;-83.0
5.4376452;-4.0136177;-76.3
5.4376797;-4.0136121;-63.7
5.437721;-4.0136008;-64.0
5.4377366;-4.0136227;-64.0
5.4377336;-4.0136607;-64.0
5.4377269;-4.0136885;-67.0
5.4377425;-4.0137077;-67.0
5.437767;-4.0137208;-64.3
5.4377972;-4.0137155;-62.3
5.437792;-4.0136687;-61.7
5.437786;-4.0136276;-60.7
5.4377812;-4.0135933;-61.0
5.4377844;-4.0135736;-61.0
5.4378083;-4.0135949;-60.0
5.437807;-4.0136224;-58.3
5.437798;-4.0136544;-62.3
5.4378012;-4.0136864;-62.7
5.4378054;-4.0137091;-61.0
5.4378302;-4.0137184;-64.3
5.4378619;-4.0137123;-60.0
5.4378742;-4.0136789;-59.7
5.4378768;-4.0136347;-58.0
5.4378727;-4.0135973;-60.7
5.4378591;-4.0135711;-62.3
5.4378519;-4.0135846;-61.7
5.4378466;-4.0136027;-60.0
5.4378259;-4.013621;-58.7
5.4378398;-4.013637;-61.0
5.4378692;-4.0136218;-58.0
5.4378903;-4.0135891;-60.3
5.437918;-4.0135941;-61.3
5.4379147;-4.0136232;-59.7
5.4379114;-4.0136486;-58.7
5.4379019;-4.0136706;-62.0
5.4379001;-4.0137031;-64.0
5.4379326;-4.0137212;-60.7
5.4379494;-4.0136972;-64.3
5.4379589;-4.0136564;-58.3
5.4379646;-4.0136219;-57.3
5.4379651;-4.0135883;-65.0
5.4379838;-4.0135812;-67.7
5.4379938;-4.0136086;-67.0
5.4379927;-4.0136456;-60.0
5.4379952;-4.0136768;-59.0
5.4379916;-4.0137087;-60.7
5.437996;-4.0137464;-61.7
5.4379817;-4.013765;-65.3
5.4379456;-4.0137552;-59.7
5.437924;-4.0137456;-59.7
5.4379105;-4.0137467;-59.3
5.4378625;-4.0137376;-62.7
5.4378305;-4.0137348;-64.3
5.4378025;-4.0137705;-72.0
5.4377872;-4.0138243;-71.3
5.4377754;-4.0138425;-67.3
5.4377822;-4.0138276;-71.3
5.4377938;-4.0137912;-74.0
5.437779;-4.013751;-67.7
5.4377522;-4.013755;-67.7
5.4377424;-4.013799;-70.7
5.4377549;-4.0138367;-72.0
5.4377659;-4.0138528;-67.3
5.4377519;-4.0138767;-69.3
5.4377747;-4.0139014;-78.0
5.4378057;-4.0139102;-75.7
5.4378174;-4.0138876;-68.3
5.437823;-4.0138779;-68.3
5.4378557;-4.0138935;-64.0
5.4379102;-4.0138983;-62.3
5.4379631;-4.0138985;-60.7
5.4380015;-4.013891;-67.0
5.4380162;-4.0138483;-74.3
5.4380146;-4.0137964;-77.0
5.4380143;-4.0137428;-64.0
5.4380267;-4.0137182;-66.3
5.4380396;-4.0136954;-58.7
5.4380478;-4.0136499;-57.7
5.438053;-4.0136028;-62.3
5.4380827;-4.013588;-62.7
5.4380994;-4.0135947;-61.7
5.4380986;-4.0135994;-63.7
5.4380998;-4.0135999;-63.3
5.4381;-4.0136;-63.3
5.4381;-4.0136;-63.3
5.4380743;-4.0136376;-58.3
5.4380629;-4.013676;-61.7
5.4380504;-4.0137037;-59.3
5.438056;-4.0137272;-62.3
5.4380836;-4.0137059;-58.0
5.4380967;-4.0136695;-58.0
5.4381142;-4.0136248;-57.0
5.438147;-4.0135966;-59.3
5.4381782;-4.0136873;-57.3
5.4381806;-4.0137205;-62.0
5.4382114;-4.0137243;-60.7
5.438252;-4.0137098;-61.0
5.4382661;-4.0136758;-59.7
5.4382702;-4.0136343;-61.7
5.438278;-4.0135999;-59.3
5.438271;-4.013694;-61.3
5.438256;-4.0137296;-58.7
5.4382511;-4.0137247;-58.0
5.4382503;-4.0137196;-58.0
5.43825;-4.0137185;-61.0
5.43825;-4.0137183;-65.7
5.43825;-4.0137183;-65.7
5.43825;-4.0137183;-65.7
5.4382378;-4.0137356;-65.0
5.4382002;-4.0137525;-67.0
5.4381554;-4.0137469;-64.0
5.4381221;-4.0137468;-63.0
5.438087;-4.0137451;-63.0
5.4380551;-4.013744;-65.0
5.4380278;-4.0137422;-65.0
5.4380048;-4.0137336;-59.0
5.4380032;-4.0137004;-62.0
5.4379611;-4.0136895;-64.0
5.4379095;-4.0136861;-67.0
5.4378713;-4.0136836;-60.0
5.4378243;-4.0136869;-59.0
5.4377854;-4.0136772;-64.0
5.4377563;-4.0136611;-60.0
5.4377509;-4.013639;-58.0
5.4377832;-4.013622;-61.0
5.4378227;-4.0136205;-58.0
5.4378521;-4.0136225;-59.0
5.4378897;-4.0136234;-59.0
5.437922;-4.0136339;-56.0
5.4379598;-4.0136411;-55.0
5.4380026;-4.0136406;-55.0
5.4380462;-4.0136449;-56.0
5.4380835;-4.0136453;-55.0
5.4381171;-4.013647;-55.0
5.4381636;-4.0136435;-58.0
5.438203;-4.0136405;-59.0
5.4382339;-4.0136493;-58.0
5.4382668;-4.0136692;-61.0
5.4382672;-4.0137089;-62.0
5.4382309;-4.0137116;-60.0
5.4381922;-4.0136978;-58.0
5.4381479;-4.0136873;-61.0
5.4381118;-4.0136799;-62.0
5.4380691;-4.0136852;-63.0
5.4380333;-4.013686;-58.0
5.4379908;-4.01369;-59.0
5.4379504;-4.0136824;-59.0
5.4379105;-4.0136786;-62.0
5.4378749;-4.0136762;-59.0
5.4378369;-4.013687;-65.0
5.4377945;-4.0137085;-63.0
5.4377498;-4.0137142;-66.0
5.4377208;-4.0137199;-66.0
5.4377031;-4.0137667;-69.0
5.4376767;-4.0138174;-68.0
5.43765;-4.0138616;-66.0
5.4376567;-4.0139;-79.0
5.4376901;-4.013933;-87.0
5.4376874;-4.0139667;-79.0
5.4376883;-4.0140031;-81.0
5.437728;-4.0140425;-83.0
5.4377709;-4.0140712;-76.0
5.4377935;-4.0141117;-70.0
5.437777;-4.0141392;-76.0
5.4377577;-4.0141305;-67.0
5.4377497;-4.0140998;-73.0
5.4377541;-4.0140548;-82.0
5.4377608;-4.0140201;-83.0
5.4377648;-4.0139949;-80.0
5.4377858;-4.0139685;-85.0
5.437794;-4.0139939;-79.0
5.4377948;-4.0140324;-87.0
5.4378012;-4.0140745;-65.0
5.4377863;-4.0141151;-68.0
5.4377937;-4.0141507;-78.0
5.4377878;-4.0141917;-73.0
5.4378328;-4.0141956;-80.0
5.4378387;-4.0142202;-81.0
5.4378112;-4.0142543;-86.0
5.4377984;-4.01429;-85.0
5.4377833;-4.014337;-90.0
5.4377793;-4.0143839;-87.0
5.4377595;-4.0143943;-89.0
5.4377515;-4.0143938;-85.0
5.4377591;-4.014357;-84.0
5.4377863;-4.0143116;-82.0
5.4377995;-4.0142749;-79.0
5.4377959;-4.0142399;-75.0
5.4377751;-4.0142351;-83.0
5.437768;-4.0142465;-84.0
5.4376974;-4.0143662;-83.0
5.4377066;-4.0144046;-89.0
5.4377016;-4.0144182;-86.0
5.4376972;-4.0143846;-82.0
5.4377032;-4.014351;-79.0
5.4376701;-4.0143515;-79.0
5.4376567;-4.0143883;-86.0
5.4376577;-4.0144441;-86.0
5.4376722;-4.0144861;-89.0
5.4376779;-4.0145293;-93.0
5.4377077;-4.0145823;-91.0
5.4377586;-4.0145913;-94.0
5.4377927;-4.0145985;-94.0
5.4378105;-4.0146263;-95.0
5.437811;-4.0146568;-97.0
5.4375875;-4.0146447;-96.0
5.4375869;-4.0145614;-95.0
5.4376217;-4.0145558;-91.0
5.4376141;-4.0145357;-95.0
5.4380743;-4.0136376;-58.3
5.4380629;-4.013676;-61.7
5.4380504;-4.0137037;-59.3
5.438056;-4.0137272;-62.3
5.4380836;-4.0137059;-58.0
5.4380967;-4.0136695;-58.0
5.4381142;-4.0136248;-57.0
5.438147;-4.0135966;-59.3
5.4381782;-4.0136873;-57.3
5.4381806;-4.0137205;-62.0
5.4382114;-4.0137243;-60.7
5.438252;-4.0137098;-61.0
5.4382661;-4.0136758;-59.7
5.4382702;-4.0136343;-61.7
5.438278;-4.0135999;-59.3
5.438271;-4.013694;-61.3
5.438256;-4.0137296;-58.7
5.4382511;-4.0137247;-58.0
5.4382503;-4.0137196;-58.0
5.43825;-4.0137185;-61.0
5.43825;-4.0137183;-65.7
5.43825;-4.0137183;-65.7
5.43825;-4.0137183;-65.7
5.4382378;-4.0137356;-65.0
5.4382002;-4.0137525;-67.0
5.4381554;-4.0137469;-64.0
5.4381221;-4.0137468;-63.0
5.438087;-4.0137451;-63.0
5.4380551;-4.013744;-65.0
5.4380278;-4.0137422;-65.0
5.4380048;-4.0137336;-59.0
5.4380032;-4.0137004;-62.0
5.4379611;-4.0136895;-64.0
5.4379095;-4.0136861;-67.0
5.4378713;-4.0136836;-60.0
5.4378243;-4.0136869;-59.0
5.4377854;-4.0136772;-64.0
5.4377563;-4.0136611;-60.0
5.4377509;-4.013639;-58.0
5.4377832;-4.013622;-61.0
5.4378227;-4.0136205;-58.0
5.4378521;-4.0136225;-59.0
5.4378897;-4.0136234;-59.0
5.437922;-4.0136339;-56.0
5.4379598;-4.0136411;-55.0
5.4380026;-4.0136406;-55.0
5.4380462;-4.0136449;-56.0
5.4380835;-4.0136453;-55.0
5.4381171;-4.013647;-55.0
5.4381636;-4.0136435;-58.0
5.438203;-4.0136405;-59.0
5.4382339;-4.0136493;-58.0
5.4382668;-4.0136692;-61.0
5.4382672;-4.0137089;-62.0
5.4382309;-4.0137116;-60.0
5.4381922;-4.0136978;-58.0
5.4381479;-4.0136873;-61.0
5.4381118;-4.0136799;-62.0
5.4380691;-4.0136852;-63.0
5.4380333;-4.013686;-58.0
5.4379908;-4.01369;-59.0
5.4379504;-4.0136824;-59.0
5.4379105;-4.0136786;-62.0
5.4378749;-4.0136762;-59.0
5.4378369;-4.013687;-65.0
5.4377945;-4.0137085;-63.0
5.4377498;-4.0137142;-66.0
5.4377208;-4.0137199;-66.0
5.4377031;-4.0137667;-69.0
5.4376767;-4.0138174;-68.0
5.43765;-4.0138616;-66.0
5.4376567;-4.0139;-79.0
5.4376901;-4.013933;-87.0
5.4376874;-4.0139667;-79.0
5.4376883;-4.0140031;-81.0
5.437728;-4.0140425;-83.0
5.4377709;-4.0140712;-76.0
5.4377935;-4.0141117;-70.0
5.437777;-4.0141392;-76.0
5.4377577;-4.0141305;-67.0
5.4377497;-4.0140998;-73.0
5.4377541;-4.0140548;-82.0
5.4377608;-4.0140201;-83.0
5.4377648;-4.0139949;-80.0
5.4377858;-4.0139685;-85.0
5.437794;-4.0139939;-79.0
5.4377948;-4.0140324;-87.0
5.4378012;-4.0140745;-65.0
5.4377863;-4.0141151;-68.0
5.4377937;-4.0141507;-78.0
5.4377878;-4.0141917;-73.0
5.4378328;-4.0141956;-80.0
5.4378387;-4.0142202;-81.0
5.4378112;-4.0142543;-86.0
5.4377984;-4.01429;-85.0
5.4377833;-4.014337;-90.0
5.4377793;-4.0143839;-87.0
5.4377595;-4.0143943;-89.0
5.4377515;-4.0143938;-85.0
5.4377591;-4.014357;-84.0
5.4377863;-4.0143116;-82.0
5.4377995;-4.0142749;-79.0
5.4377959;-4.0142399;-75.0
5.4377751;-4.0142351;-83.0
5.437768;-4.0142465;-84.0
5.4376974;-4.0143662;-83.0
5.4377066;-4.0144046;-89.0
5.4377016;-4.0144182;-86.0
5.4376972;-4.0143846;-82.0
5.4377032;-4.014351;-79.0
5.4376701;-4.0143515;-79.0
5.4376567;-4.0143883;-86.0
5.4376577;-4.0144441;-86.0
5.4376722;-4.0144861;-89.0
5.4376779;-4.0145293;-93.0
5.4377077;-4.0145823;-91.0
5.4377586;-4.0145913;-94.0
5.4377927;-4.0145985;-94.0
5.4378105;-4.0146263;-95.0
5.437811;-4.0146568;-97.0
5.4375875;-4.0146447;-96.0
5.4375869;-4.0145614;-95.0
5.4376217;-4.0145558;-91.0
5.4376141;-4.0145357;-95.0
5.4381724;-4.0155717;-83.0
5.4381729;-4.0155368;-81.0
5.4381861;-4.015505;-82.3
5.4381903;-4.015472;-82.0
5.438181;-4.0154385;-79.7
5.4381754;-4.0154022;-76.7
5.438179;-4.0153654;-77.0
5.4381859;-4.0153314;-79.0
5.4381796;-4.0153119;-77.7
5.4381443;-4.0153092;-73.3
5.4381121;-4.0153118;-70.0
5.4380862;-4.0152938;-71.0
5.4380828;-4.0152682;-70.7
5.4381013;-4.0152463;-68.0
5.438117;-4.0152456;-68.0
5.4381214;-4.0152481;-68.0
5.4381217;-4.0152483;-68.0
5.4381339;-4.0152499;-72.7
5.4381556;-4.0152611;-74.0
5.4381951;-4.0152744;-79.0
5.4382187;-4.015288;-78.0
5.4382143;-4.0152882;-78.0
5.4381985;-4.0152669;-78.0
5.4382029;-4.0152451;-85.3
5.4382039;-4.0152313;-85.3
5.4382088;-4.0152322;-85.3
5.4381701;-4.0152317;-75.7
5.4381514;-4.0152317;-74.0
5.4381276;-4.015241;-70.0
5.4381077;-4.0152396;-68.0
5.4380853;-4.0152111;-68.3
5.4381009;-4.0151836;-67.7
5.4381365;-4.015174;-67.3
5.4381661;-4.0151698;-70.3
5.4382021;-4.0151712;-72.0
5.4382255;-4.0151624;-76.7
5.4382167;-4.0151501;-79.3
5.4381865;-4.0151441;-72.0
5.4381899;-4.0151442;-73.0
5.4381914;-4.0151449;-73.0
5.4381917;-4.015145;-73.0
5.4382131;-4.0151526;-79.3
5.4382108;-4.0151446;-79.3
5.4381719;-4.0151372;-71.7
5.4381449;-4.01514;-67.3
5.4381053;-4.0151357;-66.3
5.4380916;-4.0151181;-65.7
5.4381039;-4.0150839;-63.7
5.4381333;-4.0150691;-63.0
5.4381767;-4.0150712;-70.7
5.4382141;-4.0150772;-79.7
5.4382357;-4.0150845;-78.0
5.4382402;-4.0150725;-81.3
5.4382279;-4.0150579;-82.3
5.4382333;-4.01506;-78.7
5.4382162;-4.0150693;-85.0
5.4382183;-4.0150663;-85.0
5.4382199;-4.0150637;-85.0
5.4382171;-4.0150527;-80.3
5.4382027;-4.0150364;-75.0
5.4382056;-4.0150317;-75.0
5.4382308;-4.0150469;-76.7
5.4382202;-4.0150425;-76.7
5.4381726;-4.0150197;-70.3
5.4381358;-4.0150145;-66.3
5.438106;-4.0150009;-69.3
5.4381033;-4.0149647;-67.0
5.4381281;-4.0149506;-63.7
5.4381594;-4.014952;-69.7
5.4381868;-4.0149612;-73.3
5.4382229;-4.0149783;-78.3
5.4382412;-4.0149805;-81.0
5.438231;-4.0149753;-82.7
5.4382286;-4.014975;-82.7
5.4382283;-4.014975;-82.7
5.4381804;-4.0146669;-62.3
5.4381816;-4.0146367;-63.0
5.4381803;-4.0146019;-63.7
5.4381773;-4.0145684;-62.7
5.438177;-4.0145305;-61.3
5.4381711;-4.0145045;-63.7
5.4381732;-4.0144794;-59.0
5.4381766;-4.0144544;-63.7
5.4381782;-4.0144311;-64.0
5.4381817;-4.0143988;-60.3
5.4382003;-4.0143747;-60.7
5.4382226;-4.0143683;-60.0
5.4382347;-4.014379;-60.0
5.4382133;-4.0144109;-63.0
5.4381932;-4.0144401;-63.7
5.438178;-4.0144778;-59.0
5.4381684;-4.0145099;-63.7
5.4381664;-4.01454;-63.3
5.4381827;-4.0145713;-62.7
5.4381945;-4.0146061;-61.3
5.4381998;-4.0146398;-65.7
5.4381966;-4.0146704;-63.3
5.438203;-4.0146958;-64.7
5.4382137;-4.0147037;-62.3
5.4382087;-4.0147248;-61.7
5.4382004;-4.0147523;-65.3
5.4382046;-4.0147829;-68.0
5.4382098;-4.0148163;-64.7
5.4382182;-4.0148512;-63.0
5.4382196;-4.0148832;-64.7
5.4382245;-4.0149087;-67.7
5.438221;-4.0149167;-67.7
5.438201;-4.0149304;-69.0
5.4381682;-4.0149094;-64.7
5.4381675;-4.0148729;-64.7
5.4381743;-4.0148418;-64.7
5.4381833;-4.0148193;-63.0
5.4382043;-4.014798;-63.3
5.4382096;-4.0148003;-64.7
5.4381918;-4.014803;-63.3
5.438151;-4.0147747;-59.7
5.4381365;-4.0147365;-65.7
5.4381378;-4.014697;-66.3
5.4381427;-4.0146601;-62.0
5.4381392;-4.0146341;-63.7
5.438135;-4.01463;-63.7
5.4381179;-4.0146073;-64.7
5.4381278;-4.0145857;-64.7
5.4381381;-4.0145536;-59.3
5.4381367;-4.0145116;-62.3
5.4381336;-4.0144781;-55.3
5.4381052;-4.0144615;-60.0
5.4380582;-4.0144552;-62.0
5.4380522;-4.0144148;-65.3
5.4380727;-4.0143708;-63.7
5.4380847;-4.0143346;-63.7
5.4380867;-4.0142979;-67.3
5.4380786;-4.0142568;-70.0
5.438074;-4.0142197;-70.0
5.4380641;-4.0142014;-70.3
5.4380347;-4.0142145;-74.3
5.438021;-4.0142413;-74.3
5.4380242;-4.014274;-72.3
5.4380351;-4.0143048;-64.3
5.4380454;-4.0143286;-65.7
5.4380332;-4.0143565;-64.0
5.4380266;-4.0143875;-64.7
5.4380267;-4.0144176;-65.3
5.4380164;-4.0144527;-66.3
5.4380151;-4.0144819;-66.3
5.4380175;-4.0145102;-68.3
5.4380119;-4.0145309;-68.3
5.4380054;-4.0145599;-63.3
5.4379986;-4.0145881;-64.3
5.4379976;-4.0146148;-66.0
5.4379999;-4.0146446;-68.0
5.4380144;-4.0146791;-67.7
5.4380251;-4.0147066;-67.7
5.4380253;-4.0147272;-69.7
5.4380174;-4.0147624;-66.7
5.4380054;-4.0147927;-68.3
5.4380075;-4.0148216;-68.7
5.43801;-4.0148546;-67.3
5.4380023;-4.0148864;-70.0
5.4380047;-4.0149181;-74.7
5.4380092;-4.014948;-74.0
5.4379976;-4.0149824;-72.7
5.4379858;-4.0150113;-74.0
5.438013;-4.0150455;-77.3
5.4380182;-4.0150836;-77.0
5.4380152;-4.0151084;-74.7
5.4379998;-4.0151275;-76.3
5.4380079;-4.0151358;-76.7
5.4380204;-4.015117;-74.0
5.4380155;-4.0150938;-77.0
5.438015;-4.0150888;-77.0
5.4380358;-4.015058;-75.7
5.4380353;-4.0150433;-73.0
5.438035;-4.0150433;-73.0
5.4380414;-4.0150769;-75.3
5.4380448;-4.0151145;-72.7
5.4380595;-4.0151388;-70.7
5.4380756;-4.0151174;-67.7
5.4380734;-4.0150692;-70.3
5.4380698;-4.0150384;-66.7
5.438073;-4.0150083;-68.3
5.4380783;-4.0149816;-69.0
5.4380739;-4.0149533;-68.7
5.4380716;-4.0149315;-67.3
5.4380798;-4.0149179;-66.0
5.4380799;-4.0148983;-65.7
5.4380728;-4.0148677;-70.0
5.438061;-4.0148236;-64.3
5.438066;-4.0147814;-64.7
5.4380634;-4.0147362;-69.0
5.4380647;-4.0147015;-68.0
5.4380656;-4.0146805;-64.3
5.4380485;-4.0146566;-64.7
5.4380463;-4.0146347;-61.3
5.4380556;-4.0146193;-62.3
5.4380567;-4.0145955;-64.3
5.4380585;-4.0145705;-64.0
5.4380631;-4.0145359;-63.7
5.4380538;-4.0145212;-63.0
5.4380412;-4.0145297;-69.0
5.4380538;-4.0145769;-64.0
5.4380661;-4.0146212;-62.3
5.4380636;-4.0146712;-65.0
5.4380632;-4.0147213;-67.7
5.4380667;-4.014765;-62.7
5.4380723;-4.0148124;-68.0
5.4380625;-4.0148499;-69.7
5.4380521;-4.0148777;-68.7
5.4380619;-4.0148889;-66.7
5.43806;-4.0148912;-66.7
5.4380481;-4.0149473;-72.3
5.4380375;-4.0149763;-72.7
5.4380297;-4.0150064;-77.3
5.4380396;-4.0150512;-75.7
5.4380416;-4.0150876;-75.7
5.4380417;-4.0151232;-71.3
5.4380708;-4.0151489;-73.3
5.438071;-4.0151914;-70.7
5.43805;-4.0152279;-74.0
5.4380471;-4.0152481;-71.7
5.4380508;-4.0152692;-74.0
5.4380527;-4.0152887;-75.3
5.4380608;-4.0153143;-74.3
5.4380683;-4.0153169;-74.3
5.4380683;-4.0152973;-71.7
5.4380669;-4.0152937;-74.3
5.4380667;-4.0152933;-78.0
5.4380667;-4.0152933;-78.0
5.4380667;-4.0152933;-78.0
5.4380667;-4.0152933;-78.0
5.4380652;-4.0152354;-74.7
5.4380666;-4.0152304;-76.7
5.4380667;-4.01523;-73.3
5.4380667;-4.01523;-73.3
5.4380667;-4.01523;-73.3
5.4380819;-4.0151632;-72.0
5.4381063;-4.0151619;-66.3
5.4381062;-4.0152;-68.0
5.4381005;-4.015239;-68.0
5.4380907;-4.0152793;-70.7
5.4380853;-4.0153194;-70.0
5.4380802;-4.0153427;-71.0
5.4380995;-4.0153468;-71.3
5.4381337;-4.0153502;-71.0
5.4381762;-4.0153502;-77.0
5.4381988;-4.0153444;-82.0
5.4382082;-4.0153462;-81.3
5.4381848;-4.0153586;-77.0
5.4381468;-4.0153512;-70.3
5.4381083;-4.01535;-71.3
5.4380894;-4.0153607;-72.3
5.4380764;-4.0153766;-72.0
5.4380833;-4.0153944;-72.3
5.4381139;-4.0154011;-76.3
5.4381532;-4.0154;-76.7
5.4381798;-4.0154064;-76.7
5.4382005;-4.015404;-80.7
5.4381973;-4.0154173;-80.7
5.4381723;-4.0154348;-79.7
5.4381551;-4.015419;-76.3
5.4381401;-4.0154097;-73.0
5.4381245;-4.015413;-77.7
5.438107;-4.0154198;-74.3
5.4380944;-4.0154489;-77.3
5.4381167;-4.015465;-77.7
5.4381517;-4.0154641;-81.7
5.4381703;-4.0154667;-76.3
5.4381809;-4.0154712;-79.0
5.4381904;-4.0154879;-88.0
5.4381863;-4.0154956;-87.7
5.4381562;-4.0154875;-74.3
5.4381324;-4.0154787;-79.7
5.4381283;-4.0154719;-80.7
5.4381328;-4.0154717;-80.7
5.4381333;-4.0154717;-80.7
5.4381511;-4.0154705;-81.7
5.4381545;-4.0154703;-81.7
5.4381343;-4.0154635;-80.0
5.4381218;-4.0154689;-79.7
5.4381088;-4.0154956;-72.7
5.4381094;-4.0155148;-73.3
5.438135;-4.0155319;-67.0
5.4381642;-4.0155355;-81.0
5.4381835;-4.0155444;-81.3
5.4381728;-4.0155587;-80.3
5.4381432;-4.0155634;-76.0
5.4381312;-4.0155483;-67.0
5.4381136;-4.015526;-72.0
5.4381012;-4.0155226;-75.3
5.4380924;-4.0155384;-76.0
5.4380718;-4.0155506;-77.3
5.4380702;-4.0155516;-77.3
5.4381171;-4.0155731;-74.0
5.4381405;-4.0155807;-80.0
5.4381616;-4.0155953;-82.0
5.438169;-4.0156046;-82.7
5.4381654;-4.0156295;-82.3
5.4381665;-4.0156498;-87.3
5.4381775;-4.01567;-84.0
5.438178;-4.0156933;-88.0
5.4381735;-4.0157107;-90.3
5.4381684;-4.0157227;-90.3
5.438161;-4.0157037;-89.0
5.4381643;-4.0156808;-84.3
5.4381759;-4.0156632;-87.7
5.4381911;-4.0156403;-83.3
5.4382045;-4.0156184;-85.3
5.4382087;-4.015595;-84.0
5.4381935;-4.0155932;-84.3
5.4381766;-4.0156085;-82.7
5.4381729;-4.01562;-78.7
5.4381732;-4.0156201;-78.7
5.4381733;-4.01562;-78.7
5.438181;-4.0156797;-88.7
5.4381813;-4.015695;-88.0
5.4381664;-4.0157119;-89.0
5.4381567;-4.015734;-89.7
5.4381779;-4.0157517;-86.0
5.4381801;-4.0157571;-86.0
5.4381962;-4.0156381;-83.3
5.438184;-4.0155986;-82.0
5.4381703;-4.0155777;-83.0
5.4381628;-4.015541;-76.0
5.4381729;-4.0155073;-82.3
5.4381658;-4.0154798;-79.0
5.4381634;-4.015453;-77.7
5.4381676;-4.0154265;-78.3
5.4381787;-4.0153973;-76.7
5.4381553;-4.0153825;-71.7
5.4381213;-4.0154043;-77.7
5.4380917;-4.015442;-74.3
5.4380638;-4.0154683;-75.3
5.4380337;-4.0154853;-72.7
5.4380237;-4.015469;-75.3
5.438049;-4.0154193;-72.0
5.4380565;-4.0153995;-69.3
5.4380598;-4.0153791;-71.3
5.4380546;-4.0153502;-75.3
5.4380419;-4.0153266;-75.0
5.4380241;-4.0153094;-74.0
5.4379962;-4.0152886;-70.7
5.437982;-4.0152901;-70.0
5.4379815;-4.015326;-70.7
5.4379888;-4.0153647;-70.7
5.4380009;-4.0153947;-73.7
5.4379919;-4.0154038;-73.0
5.4379896;-4.0154054;-73.0
5.4379792;-4.0154322;-72.3
5.4379751;-4.0154609;-73.0
5.4379837;-4.0154913;-70.7
5.4379956;-4.0155105;-70.7
5.4379984;-4.0155068;-70.7
5.4379908;-4.0154683;-73.3
5.4379901;-4.0154288;-72.3
5.4379869;-4.0154141;-73.0
5.4379823;-4.015401;-73.0
5.4379818;-4.0153721;-70.7
5.4379877;-4.015352;-70.7
5.4379895;-4.0153255;-73.0
5.4380126;-4.015333;-73.0
5.4380218;-4.0153481;-76.3
5.4380283;-4.0153667;-77.7
5.4380317;-4.015396;-72.0
5.4380382;-4.0154291;-74.0
5.4380437;-4.0154594;-75.3
5.4380502;-4.0154804;-76.0
5.438061;-4.015511;-75.0
5.4380588;-4.015541;-78.7
5.4380445;-4.0155695;-75.7
5.4380224;-4.0155671;-79.0
5.4379876;-4.0155565;-74.3
5.4379808;-4.0155583;-74.3
5.4380012;-4.0155836;-77.7
5.4380225;-4.0156005;-79.0
5.4380416;-4.0156008;-73.3
5.4380631;-4.015595;-72.7
5.4380741;-4.0155714;-73.3
5.4380841;-4.0155492;-75.7
5.438114;-4.0155459;-67.0
5.4381287;-4.015572;-77.7
5.4381071;-4.0155751;-74.0
5.4380715;-4.0155578;-77.3
5.4380304;-4.0155435;-80.3
5.4380128;-4.0155827;-77.7
5.4380072;-4.0156256;-77.7
5.4379913;-4.0156454;-79.3
5.4379852;-4.0156373;-79.3
5.437982;-4.0156344;-74.7
5.4379862;-4.0156772;-77.3
5.4379972;-4.0157105;-71.3
5.4379807;-4.0157257;-79.3
5.4379846;-4.0157344;-79.3
5.4379987;-4.0157471;-85.3
5.4380014;-4.0157452;-85.3
5.4380017;-4.015745;-85.3
5.4379878;-4.0157206;-76.3
5.4379822;-4.0156883;-74.0
5.4379801;-4.015656;-75.0
5.4379764;-4.0156519;-75.0
5.4379754;-4.0156752;-74.0
5.4379688;-4.0157039;-72.3
5.437971;-4.0157402;-81.7
5.4379868;-4.0157743;-85.7
5.4379778;-4.0157957;-85.7
5.4379429;-4.0157828;-83.7
5.4379181;-4.0157707;-81.7
5.4379165;-4.0157474;-80.0
5.4379197;-4.0157264;-81.7
5.4379223;-4.0157082;-81.7
5.43794;-4.0157265;-81.7
5.4379537;-4.0157618;-84.0
5.4379833;-4.0157923;-85.7
5.4380099;-4.0157989;-82.7
5.43804;-4.0157907;-85.7
5.4380713;-4.0157807;-90.0
5.4380934;-4.0157901;-89.7
5.4381055;-4.0158012;-91.0
5.4381082;-4.0158062;-90.0
5.4381083;-4.0158067;-90.0
5.4381083;-4.0158067;-90.0
5.4381236;-4.0157944;-86.0
5.4381083;-4.0145767;-69.3
5.4380986;-4.0145872;-69.3
5.4380949;-4.0146104;-64.7
5.4381108;-4.0146557;-64.7
5.4381223;-4.0146981;-66.3
5.4381184;-4.0147446;-65.7
5.4381207;-4.0147913;-63.7
5.4381398;-4.0148397;-64.7
5.438146;-4.014885;-65.0
5.4381557;-4.014927;-67.7
5.438161;-4.0149656;-69.7
5.438169;-4.0150101;-70.3
5.438171;-4.0150612;-70.7
5.4381731;-4.0151052;-72.3
5.4381761;-4.0151454;-71.7
5.4381748;-4.0151807;-70.7
5.4381685;-4.0152139;-75.7
5.4381407;-4.0152219;-71.3
5.4381317;-4.0151852;-68.7
5.4381507;-4.0151487;-67.3
5.438159;-4.0151071;-72.3
5.4381521;-4.0150621;-68.0
5.4381552;-4.01502;-70.3
5.43816;-4.0149844;-71.7
5.4381584;-4.0149431;-69.0
5.438157;-4.0148952;-65.0
5.4381554;-4.0148482;-68.7
5.4381607;-4.0148016;-59.7
5.4381643;-4.0147487;-60.0
5.4381606;-4.0146969;-62.7
5.4381632;-4.0146481;-62.3
5.4381585;-4.0146074;-65.0
5.4381693;-4.0145676;-62.7
5.4381515;-4.0145294;-58.7
5.4380953;-4.0145122;-66.0
5.4380463;-4.0145137;-63.0
5.4380316;-4.0145317;-69.0
5.438039;-4.0145374;-69.0
5.4380429;-4.0145491;-67.0
5.4380491;-4.0145922;-64.3
5.438053;-4.0146417;-64.0
5.4380556;-4.0146957;-65.7
5.4380529;-4.0147492;-67.3
5.4380451;-4.0147996;-67.7
5.4380341;-4.0148483;-68.0
5.4380312;-4.0149044;-70.7
5.4380372;-4.0149611;-71.0
5.4380324;-4.0150117;-77.3
5.4380048;-4.0150535;-78.7
5.4379711;-4.0150486;-79.0
5.4379348;-4.0150407;-89.7
5.4379093;-4.0150462;-89.0
5.4378766;-4.015056;-87.0
5.4379925;-4.0152026;-73.3
5.4379816;-4.0152389;-74.3
5.4379695;-4.0152662;-70.3
5.4379545;-4.0152814;-69.3
5.4379591;-4.015244;-76.7
5.4379654;-4.0152307;-74.3
5.4379583;-4.0152139;-75.7
5.4379569;-4.0152133;-75.7
5.4379324;-4.0151936;-79.0
5.4379302;-4.0151919;-76.0
5.43793;-4.0151917;-76.0
5.43793;-4.0151917;-76.0
5.4378979;-4.0152648;-83.3
5.4378829;-4.0152604;-84.0
5.4378699;-4.0152654;-84.0
5.4378451;-4.0152741;-90.0
5.437827;-4.0152438;-86.0
5.4378265;-4.0152018;-86.0
5.4378326;-4.0151642;-90.0
5.4378519;-4.0151593;-88.0
5.4378812;-4.0151749;-87.3
5.4378774;-4.0152092;-83.3
5.4378603;-4.0152424;-87.7
5.4378717;-4.0152532;-84.0
5.4379057;-4.0152492;-84.7
5.4379191;-4.0152207;-80.7
5.4378958;-4.0151968;-84.3
5.4378818;-4.0151568;-84.3
5.437853;-4.0151302;-90.0
5.4378312;-4.015122;-89.3
5.4378514;-4.0151212;-91.0
5.4378648;-4.0151198;-89.0
5.4378833;-4.0151184;-86.3
5.4379109;-4.0151412;-82.0
5.4379347;-4.0151434;-78.7
5.4379598;-4.0151296;-79.7
5.4379455;-4.0151045;-82.3
5.437911;-4.0150812;-85.3
5.4378728;-4.0150562;-87.0
5.4378447;-4.0150431;-89.0
5.4378397;-4.0150392;-86.7
5.4378549;-4.0150445;-88.3
5.4378748;-4.0150632;-87.0
5.437893;-4.0150762;-86.3
5.437926;-4.0150697;-87.0
5.4379474;-4.015076;-87.0
5.4379797;-4.0150629;-79.0
5.4380081;-4.015025;-78.3
5.438022;-4.0149656;-74.3
5.4380471;-4.0149235;-71.3
5.4380554;-4.0148956;-66.7
5.438051;-4.0148476;-70.7
5.4380515;-4.0148008;-71.3
5.4380537;-4.0147541;-66.7
5.4380711;-4.0147197;-67.7
5.4380846;-4.0146784;-64.7
5.4380982;-4.0146432;-67.0
5.4381071;-4.0146102;-64.7
5.4381013;-4.0145861;-69.3
5.4380948;-4.014566;-68.3
5.4380813;-4.0145416;-66.0
5.4380681;-4.0145129;-61.0
5.4380814;-4.0144819;-60.0
5.4380801;-4.014459;-62.0
5.4380994;-4.0144283;-59.3
5.4380934;-4.0144001;-63.0
5.4380899;-4.0143852;-65.0
5.438092;-4.0143601;-63.7
5.438092;-4.0143338;-63.7
5.4380944;-4.014301;-65.7
5.4380943;-4.0142694;-68.0
5.4381009;-4.0142377;-63.0
5.4380956;-4.0142088;-64.3
5.4380828;-4.0141913;-68.0
5.4380522;-4.014207;-70.3
5.4380576;-4.0142427;-65.7
5.4380725;-4.0142634;-70.0
5.4380799;-4.0142675;-70.0
5.438072;-4.0142859;-68.3
5.4380731;-4.014316;-64.0
5.4380621;-4.0143418;-64.0
5.4380531;-4.0142935;-65.0
5.438056;-4.0142465;-67.0
5.4380644;-4.0142025;-70.3
5.438076;-4.0141681;-70.0
5.4380785;-4.0141457;-66.0
5.4380762;-4.0141195;-72.3
5.4380821;-4.0140937;-70.7
5.4380908;-4.014058;-70.0
5.4380982;-4.0140302;-69.0
5.43762;-4.0145419;-94.3
5.4376139;-4.0145869;-94.3
5.4376114;-4.0146367;-96.3
5.4376194;-4.0146688;-94.3
5.4381021;-4.0140032;-74.7
5.4380934;-4.0139737;-64.3
5.4380901;-4.0139559;-64.3
5.4380962;-4.0139456;-64.7
5.4380951;-4.0139434;-64.7
5.4381103;-4.0139342;-63.3
5.4381312;-4.013938;-65.7
5.4381626;-4.0139371;-68.7
5.438193;-4.0139397;-67.7
5.4382125;-4.0139442;-66.7
5.4382198;-4.0139335;-66.7
5.438192;-4.0139242;-68.0
5.4381671;-4.0139218;-68.3
5.4381388;-4.0139232;-67.3
5.4381108;-4.0139319;-63.3
5.4380902;-4.0139243;-65.7
5.4381035;-4.0138976;-65.3
5.4381277;-4.0138882;-62.7
5.4381593;-4.0138879;-62.7
5.4381836;-4.0138925;-61.3
5.438204;-4.0138882;-66.0
5.4382267;-4.0138917;-65.3
5.4382294;-4.013874;-66.7
5.4382008;-4.0138705;-66.0
5.4381661;-4.0138737;-61.7
5.4381508;-4.0138815;-62.7
5.4381226;-4.0138888;-63.3
5.4380908;-4.0138772;-70.0
5.4380669;-4.0138648;-75.3
5.4380498;-4.0138907;-74.3
5.438031;-4.0139192;-70.3
5.4380079;-4.0139482;-67.3
5.4379945;-4.0139599;-63.3
5.437989;-4.0139804;-68.7
5.4379971;-4.0140002;-68.0
5.4380058;-4.0140171;-65.3
5.437996;-4.0140397;-68.7
5.4379708;-4.0140223;-67.7
5.43795;-4.0140166;-68.7
5.437939;-4.0140074;-68.7
5.4379436;-4.0139869;-63.7
5.4379516;-4.0139791;-65.3
5.4379577;-4.0139645;-61.3
5.4379564;-4.0139809;-64.7
5.4379569;-4.0140011;-68.0
5.4379612;-4.0140032;-68.0
5.4379675;-4.0139801;-66.0
5.4379678;-4.0139419;-65.0
5.4379776;-4.0139278;-65.0
5.437965;-4.0139395;-65.0
5.4379419;-4.0139215;-67.0
5.4379218;-4.0139069;-62.3
5.4378912;-4.0139052;-64.3
5.4378713;-4.0139282;-60.0
5.4378702;-4.0139701;-69.0
5.437872;-4.014012;-63.3
5.4378645;-4.0140373;-66.3
5.4378625;-4.0140742;-65.0
5.4378592;-4.0141048;-75.7
5.4378643;-4.0141242;-79.0
5.4378789;-4.0141452;-74.7
5.4378912;-4.0141418;-74.7
5.4379345;-4.0141235;-75.0
5.4379838;-4.0140753;-67.7
5.4380174;-4.0140116;-65.3
5.4380382;-4.0139594;-63.3
5.4380592;-4.0139147;-68.0
5.4380919;-4.0139165;-66.0
5.438147;-4.0138943;-62.7
5.4381813;-4.0138757;-62.3
5.4382113;-4.0138539;-67.0
5.4382283;-4.0138399;-67.0
5.4382331;-4.0138145;-67.3
5.4382131;-4.013793;-65.0
5.4382024;-4.0137829;-65.0
5.4382066;-4.0137733;-63.0
5.4382188;-4.0137578;-64.3
5.4382046;-4.0137445;-67.3
5.4381654;-4.0137389;-63.3
5.438117;-4.0137335;-64.7
5.4380815;-4.0137272;-65.3
5.4380418;-4.0137272;-62.3
5.4380095;-4.0137324;-64.0
5.4379842;-4.0137412;-61.7
5.4379741;-4.013786;-72.7
5.4379861;-4.0138115;-77.0
5.4380037;-4.0138415;-74.3
5.438029;-4.0138705;-75.0
5.438038;-4.0139038;-71.7
5.4380191;-4.0139185;-70.3
5.438007;-4.0139514;-67.3
5.4379929;-4.0139924;-68.3
5.4379744;-4.0140366;-69.7
5.4379497;-4.014072;-75.7
5.4379197;-4.0140887;-74.3
5.4378825;-4.0141128;-76.7
5.4378421;-4.0141418;-79.3
5.4377938;-4.0141715;-79.0
5.4377551;-4.0142147;-81.7
5.4377285;-4.0142621;-81.7
5.4377196;-4.0143094;-81.0
5.4377088;-4.0143564;-80.7
5.4376826;-4.0143969;-84.0
5.4376569;-4.0144291;-88.7
5.4376279;-4.0144649;-95.0
5.4376251;-4.0145102;-95.7
5.4382511;-4.0137247;-58.0
5.4382503;-4.0137196;-58.0
5.43825;-4.0137185;-61.0
5.43825;-4.0137183;-65.7
5.43825;-4.0137183;-65.7
5.43825;-4.0137183;-65.7
5.4382378;-4.0137356;-65.0
5.4382002;-4.0137525;-67.0
5.4381554;-4.0137469;-64.0
5.4381221;-4.0137468;-63.0
5.438087;-4.0137451;-63.0
5.4380551;-4.013744;-65.0
5.4380278;-4.0137422;-65.0
5.4380048;-4.0137336;-59.0
5.4380032;-4.0137004;-62.0
5.4379611;-4.0136895;-64.0
5.4379095;-4.0136861;-67.0
5.4378713;-4.0136836;-60.0
5.4378243;-4.0136869;-59.0
5.4377854;-4.0136772;-64.0
5.4377563;-4.0136611;-60.0
5.4377509;-4.013639;-58.0
5.4377832;-4.013622;-61.0
5.4378227;-4.0136205;-58.0
5.4378521;-4.0136225;-59.0
5.4378897;-4.0136234;-59.0
5.437922;-4.0136339;-56.0
5.4379598;-4.0136411;-55.0
5.4380026;-4.0136406;-55.0
5.4380462;-4.0136449;-56.0
5.4380835;-4.0136453;-55.0
5.4381171;-4.013647;-55.0
5.4381636;-4.0136435;-58.0
5.438203;-4.0136405;-59.0
5.4382339;-4.0136493;-58.0
5.4382668;-4.0136692;-61.0
5.4382672;-4.0137089;-62.0
5.4382309;-4.0137116;-60.0
5.4381922;-4.0136978;-58.0
5.4381479;-4.0136873;-61.0
5.4381118;-4.0136799;-62.0
5.4380691;-4.0136852;-63.0
5.4380333;-4.013686;-58.0
5.4379908;-4.01369;-59.0
5.4379504;-4.0136824;-59.0
5.4379105;-4.0136786;-62.0
5.4378749;-4.0136762;-59.0
5.4378369;-4.013687;-65.0
5.4377945;-4.0137085;-63.0
5.4377498;-4.0137142;-66.0
5.4377208;-4.0137199;-66.0
5.4377031;-4.0137667;-69.0
5.4376767;-4.0138174;-68.0
5.43765;-4.0138616;-66.0
5.4376567;-4.0139;-79.0
5.4376901;-4.013933;-87.0
5.4376874;-4.0139667;-79.0
5.4376883;-4.0140031;-81.0
5.437728;-4.0140425;-83.0
5.4377709;-4.0140712;-76.0
5.4377935;-4.0141117;-70.0
5.437777;-4.0141392;-76.0
5.4377577;-4.0141305;-67.0
5.4377497;-4.0140998;-73.0
5.4377541;-4.0140548;-82.0
5.4377608;-4.0140201;-83.0
5.4377648;-4.0139949;-80.0
5.4377858;-4.0139685;-85.0
5.437794;-4.0139939;-79.0
5.4377948;-4.0140324;-87.0
5.4378012;-4.0140745;-65.0
5.4377863;-4.0141151;-68.0
5.4377937;-4.0141507;-78.0
5.4377878;-4.0141917;-73.0
5.4378328;-4.0141956;-80.0
5.4378387;-4.0142202;-81.0
5.4378112;-4.0142543;-86.0
5.4377984;-4.01429;-85.0
5.4377833;-4.014337;-90.0
5.4377793;-4.0143839;-87.0
5.4377595;-4.0143943;-89.0
5.4377515;-4.0143938;-85.0
5.4377591;-4.014357;-84.0
5.4377863;-4.0143116;-82.0
5.4377995;-4.0142749;-79.0
5.4377959;-4.0142399;-75.0
5.4377751;-4.0142351;-83.0
5.437768;-4.0142465;-84.0
5.4376974;-4.0143662;-83.0
5.4377066;-4.0144046;-89.0
5.4377016;-4.0144182;-86.0
5.4376972;-4.0143846;-82.0
5.4377032;-4.014351;-79.0
5.4376701;-4.0143515;-79.0
5.4376567;-4.0143883;-86.0
5.4376577;-4.0144441;-86.0
5.4376722;-4.0144861;-89.0
5.4376779;-4.0145293;-93.0
5.4377077;-4.0145823;-91.0
5.4377586;-4.0145913;-94.0
5.4377927;-4.0145985;-94.0
5.4378105;-4.0146263;-95.0
5.437811;-4.0146568;-97.0
5.4375875;-4.0146447;-96.0
5.4375869;-4.0145614;-95.0
5.4376217;-4.0145558;-91.0
5.4376141;-4.0145357;-95.0
